3 86 27
15 93 35 
6 92 49
21 62 27 90 59 63 
6 40 26
72 36 11 68 67 29 
2 30 12
23 67 
5 29 2
22 58 69 67 93 
6 11 42
29 73 21 19 84 37 
8 24 15
70 13 26 91 80 56 73 62 
0 96 31

5 25 34
27 36 5 46 29 
3 57 24
95 82 45 
4 67 34
64 43 50 87 
8 76 28
88 84 3 51 54 99 32 60 
6 68 39
12 26 86 94 39 95 
0 34 28

7 1 47
2 17 92 52 56 1 80 
6 41 15
89 44 19 40 29 31 
7 97 21
81 75 9 27 67 56 97 
3 86 15
6 83 19 
4 28 21
32 29 3 19 
0 68 8

5 40 49
96 23 18 45 46 
1 21 5
79 
8 64 28
41 50 93 0 34 64 24 14 
7 56 43
91 27 65 59 36 32 51 
7 28 25
7 74 21 58 95 29 37 
5 93 18
28 43 11 28 29 
6 4 43
63 13 38 6 40 4 
8 28 38
69 17 17 96 24 43 70 83 
0 99 22

5 44 40
5 39 54 86 69 
