3 86 27
15 93 35 1 0
0 1
2 1
2 1
2 1
0 0
1 1
2 2
0 0
2 2
2 1
1 1
2 0
0 0
2 0
1 1
1 1
0 0
0 2
2 1
2 2
2 0
2 1
1 2
2 0
2 2
1 1

5 25 34
27 36 5 46 29 3 2
4 0
2 0
4 2
4 4
3 0
2 3
1 3
3 4
3 1
4 4
2 0
1 3
4 2
1 1
4 4
0 0
4 3
2 1
2 2
2 2
2 1
1 0
1 1
0 4
4 4
0 4
1 2
2 1
1 0
4 2
2 1
2 3
1 0

6 83 19
24 28 71 32 29 3 5 0
0 4
5 4
3 0
5 2
1 2
3 1
5 5
4 2
2 1
2 1
4 2
4 0
4 5
2 3
3 5
1 3
4 4
5 5

8 75 7
74 21 58 95 29 37 35 93 2 4
7 3
0 1
0 4
3 3
5 2
6 0

4 18 28
88 69 17 17 0 0
3 2
3 2
3 0
1 0
2 1
3 2
2 1
2 2
0 1
3 3
0 0
3 2
0 3
3 2
0 0
2 3
2 1
1 1
2 2
1 0
0 0
2 2
1 0
0 2
2 0
1 2
0 0

6 52 49
79 50 68 71 73 31 3 4
1 2
4 3
1 5
5 4
3 3
1 0
2 1
2 2
2 0
4 2
0 0
0 1
3 0
1 0
5 2
4 4
3 3
2 2
0 5
0 3
1 0
1 1
5 1
3 2
1 1
2 5
5 0
5 2
0 4
0 4
4 5
2 1
0 2
4 0
2 2
1 3
2 1
4 2
2 5
2 2
0 2
5 3
3 4
0 1
2 4
5 5
3 2
0 1

4 93 5
21 67 4 13 1 2
2 3
0 2
2 2
0 1

2 68 28
89 72 0 0
0 0
0 1
0 1
1 1
0 0
0 1
0 0
1 0
0 0
1 1
0 1
1 1
1 1
0 0
1 0
0 1
0 1
1 0
0 0
1 0
0 0
1 0
0 0
0 0
1 1
1 1
0 0

3 0 31
47 38 59 2 2
2 1
2 0
0 0
2 1
0 2
1 2
1 0
1 1
2 2
0 2
1 0
2 2
0 0
1 0
2 0
0 2
2 2
0 0
0 0
2 0
0 0
0 2
0 2
0 0
1 1
2 2
2 0
2 2
1 1
0 0

4 16 2
78 29 46 90 3 2
3 0

1 93 7
27 0 0
0 0
0 0
0 0
0 0
0 0
0 0

8 38 16
70 84 56 17 6 60 49 37 5 3
1 6
1 7
1 2
1 5
1 3
7 6
5 2
7 1
4 3
2 6
1 4
2 1
5 1
5 6
6 3

7 39 19
63 22 94 73 47 31 62 6 5
1 1
3 5
6 3
4 6
0 6
4 3
2 0
1 6
2 6
2 2
3 0
3 1
3 5
5 3
4 5
1 3
6 2
1 3

6 4 26
83 7 59 57 44 99 3 5
4 2
4 0
5 3
3 2
3 5
2 1
3 5
0 1
4 3
2 3
4 2
4 5
2 3
2 4
1 0
3 5
0 2
3 5
5 0
5 2
3 2
2 0
5 2
5 1
3 1

3 73 28
25 91 10 0 1
0 2
2 1
2 0
0 2
0 0
0 1
0 0
1 2
1 0
2 0
2 0
2 1
2 1
2 1
0 0
0 1
0 2
2 0
0 0
0 2
1 1
0 2
2 1
2 0
1 0
2 1
1 2

7 50 30
73 14 59 22 47 24 82 3 2
5 4
5 0
2 3
6 0
0 6
2 1
0 2
4 5
6 3
3 5
5 4
2 0
3 5
1 3
2 4
5 0
6 1
1 6
2 0
4 0
4 6
2 2
2 4
1 6
6 4
4 4
0 4
2 3
2 1

3 81 14
38 89 26 1 2
1 1
2 2
2 1
0 0
1 2
1 0
0 0
0 2
2 1
0 2
2 2
2 0
2 1

5 4 22
92 51 97 32 34 1 1
0 2
3 0
4 2
2 3
1 4
2 4
2 2
2 1
1 3
0 2
1 0
1 0
0 0
3 4
1 1
0 2
0 3
4 0
0 1
0 3
3 2

8 82 21
10 55 88 25 15 70 37 53 0 2
7 6
1 1
3 6
5 7
3 5
6 0
7 6
0 2
1 1
2 0
7 0
3 7
1 3
1 6
0 1
1 7
0 2
0 3
0 5
2 4

4 28 8
93 78 97 55 0 2
1 0
1 1
3 0
3 2
1 1
2 3
2 1

9 85 7
54 61 62 72 41 16 52 50 62 2 8
6 6
5 3
0 6
0 8
1 1
5 5

7 59 28
71 80 87 56 90 41 70 0 6
3 5
1 0
6 4
0 2
2 5
0 0
4 2
0 0
0 3
2 3
3 2
3 5
3 2
0 3
3 6
2 0
2 1
5 1
6 6
1 6
4 2
4 6
2 5
6 2
6 2
4 2
2 0

5 55 43
68 56 60 33 23 1 1
3 2
0 0
1 1
0 3
0 0
4 0
4 2
4 4
4 4
4 4
3 1
1 3
4 3
3 4
1 1
0 1
1 2
2 2
4 2
3 1
2 4
2 3
1 3
2 2
2 3
2 2
0 3
2 1
3 1
3 1
4 0
3 0
3 0
0 4
4 3
0 2
4 4
0 1
2 0
0 1
3 4
0 3

3 38 7
93 31 10 2 2
0 2
1 0
1 0
0 0
2 0
0 0

9 24 38
54 86 69 32 69 10 73 30 33 2 7
6 5
2 2
2 8
5 3
4 4
4 5
1 0
0 3
5 3
5 8
0 8
8 6
7 4
3 2
1 3
7 7
8 0
7 2
7 3
3 2
7 8
5 7
6 4
8 2
7 4
0 7
3 8
2 8
1 4
2 1
7 0
8 5
1 5
5 6
6 8
6 3
5 2

7 99 1
89 86 53 26 48 94 36 3 4

2 17 14
21 20 0 0
0 0
1 1
1 0
1 0
1 1
1 1
0 0
1 1
1 0
1 1
1 1
1 0
0 1

