3 86 27
15 93 35 2 1
1 2
3 2
3 2
3 2
1 1
2 2
3 3
1 1
3 3
3 2
2 2
3 1
1 1
3 1
2 2
2 2
1 1
1 3
3 2
3 3
3 1
3 2
2 3
3 1
3 3
2 2

5 25 34
27 36 5 46 29 4 3
5 1
3 1
5 3
5 5
4 1
3 4
2 4
4 5
4 2
5 5
3 1
2 4
5 3
2 2
5 5
1 1
5 4
3 2
3 3
3 3
3 2
2 1
2 2
1 5
5 5
1 5
2 3
3 2
2 1
5 3
3 2
3 4
2 1

6 83 19
24 28 71 32 29 3 6 1
1 5
6 5
4 1
6 3
2 3
4 2
6 6
5 3
3 2
3 2
5 3
5 1
5 6
3 4
4 6
2 4
5 5
6 6

8 75 7
74 21 58 95 29 37 35 93 3 5
8 4
1 2
1 5
4 4
6 3
7 1

4 18 28
88 69 17 17 1 1
4 3
4 3
4 1
2 1
3 2
4 3
3 2
3 3
1 2
4 4
1 1
4 3
1 4
4 3
1 1
3 4
3 2
2 2
3 3
2 1
1 1
3 3
2 1
1 3
3 1
2 3
1 1

6 52 49
79 50 68 71 73 31 4 5
2 3
5 4
2 6
6 5
4 4
2 1
3 2
3 3
3 1
5 3
1 1
1 2
4 1
2 1
6 3
5 5
4 4
3 3
1 6
1 4
2 1
2 2
6 2
4 3
2 2
3 6
6 1
6 3
1 5
1 5
5 6
3 2
1 3
5 1
3 3
2 4
3 2
5 3
3 6
3 3
1 3
6 4
4 5
1 2
3 5
6 6
4 3
1 2

4 93 5
21 67 4 13 2 3
3 4
1 3
3 3
1 2

2 68 28
89 72 1 1
1 1
1 2
1 2
2 2
1 1
1 2
1 1
2 1
1 1
2 2
1 2
2 2
2 2
1 1
2 1
1 2
1 2
2 1
1 1
2 1
1 1
2 1
1 1
1 1
2 2
2 2
1 1

3 0 31
47 38 59 3 3
3 2
3 1
1 1
3 2
1 3
2 3
2 1
2 2
3 3
1 3
2 1
3 3
1 1
2 1
3 1
1 3
3 3
1 1
1 1
3 1
1 1
1 3
1 3
1 1
2 2
3 3
3 1
3 3
2 2
1 1

4 16 2
78 29 46 90 4 3
4 1

1 93 7
27 1 1
1 1
1 1
1 1
1 1
1 1
1 1

8 38 16
70 84 56 17 6 60 49 37 6 4
2 7
2 8
2 3
2 6
2 4
8 7
6 3
8 2
5 4
3 7
2 5
3 2
6 2
6 7
7 4

7 39 19
63 22 94 73 47 31 62 7 6
2 2
4 6
7 4
5 7
1 7
5 4
3 1
2 7
3 7
3 3
4 1
4 2
4 6
6 4
5 6
2 4
7 3
2 4

6 4 26
83 7 59 57 44 99 4 6
5 3
5 1
6 4
4 3
4 6
3 2
4 6
1 2
5 4
3 4
5 3
5 6
3 4
3 5
2 1
4 6
1 3
4 6
6 1
6 3
4 3
3 1
6 3
6 2
4 2

3 73 28
25 91 10 1 2
1 3
3 2
3 1
1 3
1 1
1 2
1 1
2 3
2 1
3 1
3 1
3 2
3 2
3 2
1 1
1 2
1 3
3 1
1 1
1 3
2 2
1 3
3 2
3 1
2 1
3 2
2 3

7 50 30
73 14 59 22 47 24 82 4 3
6 5
6 1
3 4
7 1
1 7
3 2
1 3
5 6
7 4
4 6
6 5
3 1
4 6
2 4
3 5
6 1
7 2
2 7
3 1
5 1
5 7
3 3
3 5
2 7
7 5
5 5
1 5
3 4
3 2

3 81 14
38 89 26 2 3
2 2
3 3
3 2
1 1
2 3
2 1
1 1
1 3
3 2
1 3
3 3
3 1
3 2

5 4 22
92 51 97 32 34 2 2
1 3
4 1
5 3
3 4
2 5
3 5
3 3
3 2
2 4
1 3
2 1
2 1
1 1
4 5
2 2
1 3
1 4
5 1
1 2
1 4
4 3

8 82 21
10 55 88 25 15 70 37 53 1 3
8 7
2 2
4 7
6 8
4 6
7 1
8 7
1 3
2 2
3 1
8 1
4 8
2 4
2 7
1 2
2 8
1 3
1 4
1 6
3 5

4 28 8
93 78 97 55 1 3
2 1
2 2
4 1
4 3
2 2
3 4
3 2

9 85 7
54 61 62 72 41 16 52 50 62 3 9
7 7
6 4
1 7
1 9
2 2
6 6

7 59 28
71 80 87 56 90 41 70 1 7
4 6
2 1
7 5
1 3
3 6
1 1
5 3
1 1
1 4
3 4
4 3
4 6
4 3
1 4
4 7
3 1
3 2
6 2
7 7
2 7
5 3
5 7
3 6
7 3
7 3
5 3
3 1

5 55 43
68 56 60 33 23 2 2
4 3
1 1
2 2
1 4
1 1
5 1
5 3
5 5
5 5
5 5
4 2
2 4
5 4
4 5
2 2
1 2
2 3
3 3
5 3
4 2
3 5
3 4
2 4
3 3
3 4
3 3
1 4
3 2
4 2
4 2
5 1
4 1
4 1
1 5
5 4
1 3
5 5
1 2
3 1
1 2
4 5
1 4

3 38 7
93 31 10 3 3
1 3
2 1
2 1
1 1
3 1
1 1

9 24 38
54 86 69 32 69 10 73 30 33 3 8
7 6
3 3
3 9
6 4
5 5
5 6
2 1
1 4
6 4
6 9
1 9
9 7
8 5
4 3
2 4
8 8
9 1
8 3
8 4
4 3
8 9
6 8
7 5
9 3
8 5
1 8
4 9
3 9
2 5
3 2
8 1
9 6
2 6
6 7
7 9
7 4
6 3

7 99 1
89 86 53 26 48 94 36 4 5

2 17 14
21 20 1 1
1 1
2 2
2 1
2 1
2 2
2 2
1 1
2 2
2 1
2 2
2 2
2 1
1 2

